5522996 101
    144 31
    150 32
    182 33
    183 34
    231 35
    257 36
    288 37
    335 38
    349 39
    413 40
    399 41
    489 42
    415 43
    453 44
    427 45
    533 46
    557 47
    598 48
    707 49
    789 50
    820 51
    815 52
    864 53
    848 54
    911 55
    925 56
   1033 57
   1204 58
   1286 59
   1413 60
   1532 61
   1606 62
   1696 63
   1679 64
   1830 65
   1964 66
   2073 67
   2222 68
   2482 69
   2665 70
   2879 71
   3067 72
   3417 73
   3538 74
   4009 75
   4265 76
   4453 77
   4796 78
   5065 79
   5485 80
   5879 81
   6380 82
   6778 83
   7007 84
   7797 85
   8060 86
   8496 87
   8928 88
   9521 89
  10067 90
  10847 91
  11463 92
  12821 93
  15327 94
  21004 95
  19601 96
