4553888 101
     83 31
    108 32
     98 33
    108 34
    116 35
    141 36
    142 37
    161 38
    200 39
    210 40
    268 41
    248 42
    283 43
    302 44
    351 45
    393 46
    437 47
    545 48
    576 49
    636 50
    769 51
    830 52
    967 53
   1051 54
   1115 55
   1301 56
   1346 57
   1526 58
   1826 59
   1946 60
   2159 61
   2275 62
   2514 63
   2746 64
   2908 65
   3095 66
   3460 67
   3460 68
   3793 69
   4114 70
   4356 71
   4604 72
   4799 73
   5109 74
   5173 75
   5769 76
   5894 77
   5942 78
   6337 79
   6390 80
   6680 81
   6962 82
   7191 83
   7303 84
   7697 85
   7838 86
   7935 87
   8354 88
   8332 89
   8591 90
   8890 91
   9308 92
  10019 93
  11922 94
  17054 95
  14644 96
